1	0.999454
0.583157	0.373073
0.233713	0.145509
0.0920707	0.0597164
0.0396741	0.0268749
0.0184633	0.0128073
0.00894105	0.00626912
0.00440973	0.00311047
0.00220071	0.00156331
0.00111708	0.000805338
0.000588326	0.000437977
0.00033433	0.000263057
0.000213834	0.000179293
0.000154325	0.000135529
0.000120735	0.000108601
9.83098e-05	8.93638e-05
8.14536e-05	7.43794e-05
6.80056e-05	6.2235e-05
5.69934e-05	5.22219e-05
4.78715e-05	4.39005e-05
4.02723e-05	3.6955e-05
3.39201e-05	3.1142e-05
2.85977e-05	2.62665e-05
2.41299e-05	2.21708e-05
2.03738e-05	1.87252e-05
1.72122e-05	1.58233e-05
1.4548e-05	1.33769e-05
1.23011e-05	1.13128e-05
1.04047e-05	9.57012e-06
8.80304e-06	8.09791e-06
