1	0.999454
0.583157	0.373073
0.233713	0.145509
0.0920707	0.0597164
0.0396741	0.0268749
0.0184633	0.0128073
0.00894105	0.00626912
0.00440973	0.00311047
0.00220071	0.00156331
0.00111708	0.000805338
0.000588326	0.000437977
0.00033433	0.000263057
0.000213834	0.000179293
0.000154325	0.000135529
0.000120735	0.000108601
9.83098e-05	8.93638e-05
8.14536e-05	7.43794e-05
6.80056e-05	6.2235e-05
5.69934e-05	5.22219e-05
4.78715e-05	4.39005e-05
4.02723e-05	3.6955e-05
3.39201e-05	3.1142e-05
2.85977e-05	2.62665e-05
2.41299e-05	2.21708e-05
2.03738e-05	1.87252e-05
1.72122e-05	1.58233e-05
1.4548e-05	1.33769e-05
1.23011e-05	1.13128e-05
1.04047e-05	9.57012e-06
8.80304e-06	8.09791e-06

0.00763985
0.00425563
0.00130829
0.000343724
0.000114708
3.95119e-05
1.89405e-05
7.37823e-06

0.00790495
0.00312864
0.000744384
7.80078e-05
3.21554e-05
2.1894e-05
1.49425e-05
1.03783e-05
7.22339e-06
0.00896135
0.00201529
0.000421432
7.63348e-05
5.7721e-05
4.80519e-05
3.86692e-05
3.25591e-05
2.74963e-05
2.32496e-05
1.96634e-05
1.66361e-05
1.40741e-05
1.19086e-05
1.00785e-05
8.53095e-06

0.00979179
0.00128256
0.000224728
0.000108877
9.90551e-05
9.20862e-05
8.25592e-05
7.77071e-05
7.33485e-05
6.93145e-05
6.55198e-05
6.19526e-05
5.85786e-05
5.53946e-05
5.23959e-05
4.9567e-05
4.68882e-05
4.43569e-05
4.19618e-05
3.97077e-05
3.75763e-05
3.55609e-05
3.36518e-05
3.18472e-05
3.01372e-05
2.85212e-05
2.69905e-05
2.55434e-05
2.41726e-05
2.28767e-05
2.16547e-05
2.05014e-05
1.94083e-05
1.83744e-05
1.73947e-05
1.64681e-05
1.55898e-05
1.47594e-05
1.39724e-05
1.32281e-05
1.25228e-05
1.18558e-05
1.12234e-05
1.06256e-05
1.00591e-05
9.52329e-06
