530.897	0.999145
0.491795	0.254144
0.141729	0.0879317
0.0589959	0.0412873
0.0294608	0.0211982
0.0153065	0.0110684
0.00800868	0.00579621
0.00419539	0.00303682
0.00219823	0.00159122
0.00115183	0.00083377
0.000603538	0.000436881
0.000316244	0.000228918
0.000165706	0.000119949
8.68274e-05	6.28514e-05
4.54961e-05	3.29331e-05
2.38392e-05	1.72564e-05
1.24913e-05	9.04205e-06
6.54524e-06	4.73788e-06
0.0218856
0.00676251
0.00136449
0.000384174
0.000142715
4.26258e-05
1.73789e-05
7.28178e-06
0.013571
0.0025299
0.000318742
9.86243e-05
3.87102e-05
2.47157e-05
1.58745e-05
1.08555e-05
7.45212e-06
0.0139605
0.00177702
0.000209035
0.000114968
8.50477e-05
7.08109e-05
5.92677e-05
5.00501e-05
4.21866e-05
3.56512e-05
3.00888e-05
2.54489e-05
2.14937e-05
1.81901e-05
1.53671e-05
1.30055e-05
1.09898e-05
9.30366e-06
0.0150596
0.00163702
0.000211252
0.000164725
0.000146924
0.000138237
0.000129942
0.000122671
0.000115605
0.000109146
0.000102916
9.72457e-05
9.17546e-05
8.67512e-05
8.1873e-05
7.74121e-05
7.30775e-05
6.9117e-05
6.52934e-05
6.18294e-05
5.84635e-05
5.53882e-05
5.239e-05
4.96391e-05
4.69792e-05
4.45531e-05
4.21842e-05
4.00127e-05
3.7894e-05
3.59514e-05
3.40551e-05
3.23163e-05
3.06144e-05
2.9051e-05
2.75215e-05
2.61165e-05
2.47417e-05
2.34789e-05
2.22433e-05
2.11083e-05
1.99978e-05
1.89776e-05
1.79794e-05
1.70625e-05
1.61653e-05
1.5341e-05
1.45346e-05
1.37937e-05
1.30687e-05
1.24027e-05
1.17511e-05
1.11523e-05
1.05666e-05
1.00283e-05
9.5017e-06
