16 final -100
15 16 -100
15 final -100
14 15 -100
14 16 -100
14 final -100
13 14 -100
13 15 -100
13 16 -100
13 final -100
12 13 -100
12 14 -100
12 15 -100
12 16 -100
12 final -100
11 12 -43.75
11 13 -18.75
11 14 -18.75
11 15 -12.5
11 16 12.5
11 final -14.2857
10 11 -100
10 12 -96.4286
10 13 -96.4286
10 14 -96.4286
10 15 -71.4286
10 16 -71.4286
10 final 71.4286
9 10 -100
9 11 -100
9 12 -100
9 13 -100
9 14 -100
9 15 -100
9 16 -100
9 final -100
8 9 -100
8 10 -100
8 11 -100
8 12 -100
8 13 -100
8 14 -100
8 15 -100
8 16 -100
8 final -100
7 8 -100
7 9 -75
7 10 -75
7 11 -75
7 12 -71.4286
7 13 -71.4286
7 14 -71.4286
7 15 -71.4286
7 16 -71.4286
7 final 71.4286
6 7 500
6 8 500
6 9 500
6 10 500
6 11 500
6 12 500
6 13 500
6 14 500
6 15 500
6 16 500
6 final 500
5 6 -100
5 7 -100
5 8 -100
5 9 -100
5 10 -100
5 11 -100
5 12 -100
5 13 -100
5 14 -100
5 15 -100
5 16 -100
5 final -100
4 5 -100
4 6 -100
4 7 -100
4 8 -100
4 9 -100
4 10 -100
4 11 -100
4 12 -100
4 13 -100
4 14 -100
4 15 -100
4 16 -100
4 final -100
3 4 -100
3 5 -100
3 6 -100
3 7 -100
3 8 -100
3 9 -100
3 10 -100
3 11 -100
3 12 -100
3 13 -100
3 14 -100
3 15 -100
3 16 -100
3 final -100
2 3 -100
2 4 -100
2 5 -100
2 6 -100
2 7 -100
2 8 -100
2 9 -100
2 10 -100
2 11 -100
2 12 -100
2 13 -100
2 14 -100
2 15 -100
2 16 -100
2 final -100
1 2 -100
1 3 -100
1 4 -100
1 5 -100
1 6 -100
1 7 -100
1 8 -100
1 9 -100
1 10 -100
1 11 -100
1 12 -100
1 13 -100
1 14 -100
1 15 -100
1 16 -100
1 final -100
