570.604
0.57626
0.208001
0.101858
0.0195096
0.0025469
0.000215774
9.50643e-05
2.56384e-05
8.74453e-06
0.101049
0.0131028
0.00285877
0.000246355
2.71967e-05
6.60295e-06
0.141641
0.0245472
0.00969661
0.00125706
0.000171236
6.58353e-05
8.15957e-06
0.17208
0.0360675
0.0182765
0.00297215
0.000691805
0.000322675
4.83598e-05
1.3203e-05
5.67109e-06
0.192351
0.0450377
0.0258412
0.00473811
0.00131688
0.00068581
0.000114277
3.81968e-05
1.80884e-05
2.73523e-06
0.0855266
0.0331234
0.0168741
0.00687977
0.00313156
0.00216759
0.00113594
0.000870827
0.000481893
0.00037239
0.000215184
0.193985
0.0767509
0.0600104
0.0277263
0.0076258
0.00434328
0.00295378
0.00115206
0.000317898
0.000241406
0.000138581
4.55664e-05
1.60013e-05
1.27574e-05
6.17227e-06
0.0331234
0.0168741
0.00687977
0.00313156
0.00216759
0.00113594
0.000870827
0.000481893
0.00037239
0.000215184
0.000165268
9.86772e-05
0.0346806
0.020045
0.0073298
0.00204904
0.00082778
0.000476588
0.000312365
0.00020783
0.000143006
9.80504e-05
0.0470665
0.0369196
0.0183218
0.00695108
0.00381103
0.00297781
0.00264875
0.00239174
0.00223349
0.00207828
0.00195864
0.00184264
0.00173904
0.00164281
0.00155144
0.00146772
0.00138666
0.00131253
0.0012404
0.00117434
0.00111004
0.00105102
0.000993623
0.000940843
0.000889575
0.000842355
0.000796533
0.000754281
0.00071331
0.000675499
0.000638855
0.000605015
0.000572232
0.000541946
0.000512612
0.000485504
0.000459252
0.000434986
0.000411488
0.000389766
0.00036873
0.000349282
0.000330449
0.000313036
0.000296173
0.00028058
0.000265479
0.000251515
0.000237991
0.000225483
0.00021337
0.000202167
0.000191316
0.00018128
0.000171559
0.000162567
0.000153858
0.000145801
0.000137997
0.000130777
0.000123783
0.000117313
0.000111045
0.000105245
9.96275e-05
47.5827
0.348832
0.214374
0.170828
0.124839
0.0861665
0.0578224
0.038319
0.0252609
0.0166175
0.0109228
0.00717764
0.0047162
0.00309882
0.00203613
0.00133788
0.000879095
0.000577639
0.000379558
0.000249403
0.00016388
0.000107684
7.07583e-05
0.0384062
0.0182395
0.00890277
0.00440315
0.00219952
0.00111683
0.000588262
0.000334309
0.000213826
0.000154322
0.000120734
9.83089e-05
8.1453e-05
6.80051e-05
5.6993e-05
4.78712e-05
4.0272e-05
3.39199e-05
2.85975e-05
2.41297e-05
2.03737e-05
1.72121e-05
1.45479e-05
1.23011e-05
1.04046e-05
8.80298e-06
0.00722548
0.00422775
0.00129334
0.00034022
0.00011483
3.97694e-05
1.89498e-05
7.43651e-06
0.0077454
0.00312555
0.000741558
7.7257e-05
3.21747e-05
2.19236e-05
1.49639e-05
1.03935e-05
7.23403e-06
0.00885669
0.00201125
0.000420326
7.61357e-05
5.7747e-05
4.80777e-05
3.86878e-05
3.25766e-05
2.75111e-05
2.32616e-05
1.96735e-05
1.66447e-05
1.40813e-05
1.19147e-05
1.00836e-05
8.53525e-06
0.00970235
